1624596354.006300
1624596356.006400
1624596536.006500
1624596537.006600
1624596778.006700
1624596838.006800
1624596839.006900
1624596900.007000
1624596900.007100
1624597141.007200
1624597201.007300
1624597202.007400
1624597262.007500
1624597263.007600
1624597503.007700
1624597564.007800
1624597564.007900
1624597625.008000
1624597626.008100
1624597867.008200
1624597927.008300
1624597928.008400
1624598408.008500
1624598529.008600
1624598530.008700
1624598770.008800
1624598831.008900
1624598831.009000
1624598892.009100
1624598893.009200
1624599133.009300
1624599194.009400
1624599194.009500
1624599255.009600
1624599255.009700
1624599496.009800
1624599556.009900
1624599557.010000
1624599617.010100
1624599618.010200
1624599858.010500
1624599919.010600
1624599919.010700
1624599980.010800
1624599981.010900
1624600222.011000
1624600283.011100
1624600283.011200
1624600513.016300
